      0.05000      4.04022
      0.10000      2.36713
      0.15000      4.01310
      0.20000      3.19038
      0.25000      1.71697
      0.30000      2.21807
      0.35000      0.63791
      0.40000      0.41084
      0.45000      1.82329
      0.50000      1.84840
      0.55000      1.39449
      0.60000      1.09728
      0.65000      4.20728
      0.70000      2.19128
      0.75000      2.46357
      0.80000      3.36508
      0.85000      0.81571
      0.90000      3.38675
      0.95000      3.39905
      1.00000      2.13342
      1.05000      4.29019
      1.10000      2.49636
      1.15000      1.74026
      1.20000      4.80620
      1.25000      3.34258
      1.30000      3.65548
      1.35000      2.80325
      1.40000      2.30551
      1.45000      1.39424
      1.50000      4.01931
      1.55000      3.42256
      1.60000      3.87577
      1.65000      4.58620
      1.70000      3.62458
      1.75000      1.58685
      1.80000      3.42311
      1.85000      4.87592
      1.90000      4.94287
      1.95000      1.95615
      2.00000      3.11276
      2.05000      3.52355
      2.10000      3.07923
      2.15000      4.74794
      2.20000      4.41619
      2.25000      3.40977
      2.30000      3.66114
      2.35000      2.32129
      2.40000      4.38997
      2.45000      1.22911
      2.50000      3.29659
      2.55000      3.63614
      2.60000      1.87279
      2.65000      0.93531
      2.70000      2.88486
      2.75000      3.66413
      2.80000      4.12337
      2.85000      3.21199
      2.90000      2.22966
      2.95000      1.68963
      3.00000      1.82714
      3.05000      2.30308
      3.10000      4.03326
      3.15000      3.95317
      3.20000      2.92686
      3.25000      3.70684
      3.30000      0.21535
      3.35000      2.72919
      3.40000      2.75151
      3.45000      3.48385
      3.50000      2.47392
      3.55000      2.85809
      3.60000      1.79186
      3.65000     -0.23996
      3.70000      1.39169
      3.75000      1.81920
      3.80000     -0.06173
      3.85000      1.69896
      3.90000      1.39211
      3.95000      2.82033
      4.00000      0.45844
      4.05000      1.89010
      4.10000      1.84148
      4.15000      1.16872
      4.20000      0.17472
      4.25000     -0.58875
      4.30000     -0.51117
      4.35000      1.26201
      4.40000      0.55074
      4.45000     -0.90518
      4.50000      2.19413
      4.55000      1.49667
      4.60000      2.10072
      4.65000      2.81627
      4.70000     -0.54295
      4.75000      0.27456
      4.80000      1.39111
      4.85000     -0.79793
      4.90000     -0.52563
      4.95000     -0.10804
      5.00000     -0.55663
      5.05000     -0.65018
      5.10000      0.06163
      5.15000      0.86777
      5.20000     -0.04998
      5.25000      1.40906
      5.30000     -0.73502
      5.35000      0.87764
      5.40000      0.81865
      5.45000      3.16626
      5.50000      2.06488
      5.55000     -0.64947
      5.60000     -0.11158
      5.65000     -0.40461
      5.70000      2.80843
      5.75000      2.20568
      5.80000      1.86320
      5.85000      2.51434
      5.90000      0.09029
      5.95000      3.03414
      6.00000      3.06057
      6.05000      2.75507
      6.10000      3.19064
      6.15000      1.98256
      6.20000      2.57885
      6.25000      2.88977
      6.30000      1.65923
      6.35000      1.48965
      6.40000      3.05806
      6.45000      2.05131
      6.50000      2.06562
      6.55000      3.30243
      6.60000      3.12138
      6.65000      1.39051
      6.70000      4.15567
      6.75000      2.27446
      6.80000      3.72807
      6.85000      4.17234
      6.90000      3.35795
      6.95000      1.49644
      7.00000      4.07680
      7.05000      3.67143
      7.10000      1.93342
      7.15000      3.45015
      7.20000      3.26852
      7.25000      4.69338
      7.30000      4.81139
      7.35000      2.22769
      7.40000      4.58178
      7.45000      2.27580
      7.50000      4.66177
      7.55000      3.14027
      7.60000      2.82997
      7.65000      1.68692
      7.70000      2.50014
      7.75000      1.69548
      7.80000      2.42598
      7.85000      3.66270
      7.90000      3.47314
      7.95000      2.87118
      8.00000      2.25437
      8.05000      2.05637
      8.10000      1.76957
      8.15000      2.61822
      8.20000      4.85794
      8.25000      3.09545
      8.30000      1.42024
      8.35000      4.09845
      8.40000      4.23788
      8.45000      3.66371
      8.50000      2.91438
      8.55000      3.42276
      8.60000      4.33735
      8.65000      4.46421
      8.70000      1.12065
      8.75000      4.09139
      8.80000      3.11439
      8.85000      1.51480
      8.90000      1.14260
      8.95000      0.54208
      9.00000      1.17313
      9.05000      1.61543
      9.10000      3.55769
      9.15000      2.56621
      9.20000      3.52793
      9.25000      1.31971
      9.30000      0.76651
      9.35000      1.39840
      9.40000      1.08819
      9.45000      2.15391
      9.50000      2.13893
      9.55000     -0.03844
      9.60000      0.42067
      9.65000      0.19629
      9.70000      2.18509
      9.75000      1.30564
      9.80000      3.23963
      9.85000      3.35883
      9.90000      0.16894
      9.95000      3.24643
     10.00000     -0.00213
     10.05000      0.89985
     10.10000      0.66097
     10.15000      2.19656
     10.20000      2.21896
     10.25000      0.77967
     10.30000      2.54805
     10.35000      3.01590
     10.40000      0.40585
     10.45000      1.46413
     10.50000      0.05410
     10.55000      2.47525
     10.60000      0.10975
     10.65000      2.41809
     10.70000      1.19399
     10.75000      1.51628
     10.80000      0.98236
     10.85000      0.14995
     10.90000     -0.05320
     10.95000      1.60656
     11.00000      1.42869
     11.05000      0.59406
     11.10000      2.40063
     11.15000      1.56237
     11.20000      0.05612
     11.25000      0.46752
     11.30000      1.29330
     11.35000     -0.45197
     11.40000      2.99455
     11.45000      0.63431
     11.50000      2.00734
     11.55000      0.58285
     11.60000      2.81670
     11.65000      1.38135
     11.70000      3.07672
     11.75000      2.98923
     11.80000      1.83976
     11.85000      0.52578
     11.90000      0.08082
     11.95000      2.79224
     12.00000      1.93779
     12.05000      2.32984
     12.10000      0.52011
     12.15000      2.78740
     12.20000      1.20583
     12.25000      0.12872
     12.30000      2.75152
     12.35000     -0.09550
     12.40000      2.63704
     12.45000      1.98471
     12.50000      2.94392
     12.55000      2.57434
     12.60000      3.51796
     12.65000      3.40642
     12.70000      3.96195
     12.75000      1.07167
     12.80000      2.54948
     12.85000      4.24288
     12.90000      3.68734
     12.95000      1.07351
     13.00000      3.25833
     13.05000      1.67120
     13.10000      0.60883
     13.15000      4.21802
     13.20000      3.34730
     13.25000      3.65864
     13.30000      4.40048
     13.35000      0.92589
     13.40000      2.73618
     13.45000      1.01104
     13.50000      1.49125
     13.55000      3.58596
     13.60000      2.08564
     13.65000      3.82442
     13.70000      3.91463
     13.75000      2.50887
     13.80000      1.29484
     13.85000      1.15490
     13.90000      4.08946
     13.95000      3.70564
     14.00000      2.23689
     14.05000      3.08726
     14.10000      3.02250
     14.15000      2.75402
     14.20000      3.34858
     14.25000      2.18294
     14.30000      2.16637
     14.35000      1.27257
     14.40000      4.86544
     14.45000      3.86412
     14.50000      3.96726
     14.55000      2.15269
     14.60000      1.88078
     14.65000      1.89891
     14.70000      3.31800
     14.75000      4.56917
     14.80000      4.75698
     14.85000      1.65579
     14.90000      4.51202
     14.95000      4.07859
     15.00000      3.45079
     15.05000      2.82928
     15.10000      2.33753
     15.15000      1.52619
     15.20000      4.07705
     15.25000      1.02504
     15.30000      2.13511
     15.35000      2.17987
     15.40000      1.54064
     15.45000      2.17881
     15.50000      2.96544
     15.55000      3.40050
     15.60000      1.67641
     15.65000      1.23053
     15.70000      2.31188
     15.75000      2.85934
     15.80000      0.47919
     15.85000      1.19266
     15.90000      0.45070
     15.95000      1.89870
     16.00000      2.60540
     16.05000      0.57731
     16.10000      0.41395
     16.15000      3.46270
     16.20000      3.50186
     16.25000     -0.18807
     16.30000      0.44547
     16.35000      0.26457
     16.40000      0.14500
     16.45000      2.72527
     16.50000     -0.53306
     16.55000      2.70968
     16.60000     -0.50982
     16.65000      0.90051
     16.70000     -0.28787
     16.75000     -0.38708
     16.80000      0.33623
     16.85000      1.54347
     16.90000      1.72553
     16.95000      2.63720
     17.00000      2.05332
     17.05000      1.54553
     17.10000     -0.10011
     17.15000      0.94363
     17.20000      1.46318
     17.25000      2.95105
     17.30000      1.23698
     17.35000      0.48607
     17.40000      0.35772
     17.45000      1.99633
     17.50000      1.30331
     17.55000      0.86111
     17.60000      1.64391
     17.65000      1.80251
     17.70000     -0.23102
     17.75000      0.20126
     17.80000      0.89585
     17.85000      0.98966
     17.90000      0.76787
     17.95000      1.97029
     18.00000      0.44457
     18.05000      0.10386
     18.10000      0.08782
     18.15000      1.03212
     18.20000      2.15775
     18.25000     -0.00205
     18.30000      0.05266
     18.35000      2.17082
     18.40000      1.86814
     18.45000      2.71079
     18.50000      2.75871
     18.55000      2.76632
     18.60000      3.25907
     18.65000      0.19862
     18.70000      1.18906
     18.75000      2.48098
     18.80000      0.47694
     18.85000      3.23062
     18.90000      2.21791
     18.95000      1.16329
     19.00000      1.98538
     19.05000      2.24280
     19.10000      2.26717
     19.15000      4.14304
     19.20000      2.54426
     19.25000      1.14834
     19.30000      1.23984
     19.35000      1.47477
     19.40000      4.40343
     19.45000      3.67058
     19.50000      1.69634
     19.55000      2.63236
     19.60000      2.27697
     19.65000      3.17085
     19.70000      1.09265
     19.75000      3.73161
     19.80000      4.26515
     19.85000      2.20585
     19.90000      3.64541
     19.95000      3.45894
     20.00000      1.25493
     20.05000      3.76414
     20.10000      3.31896
     20.15000      1.89482
     20.20000      1.27661
     20.25000      2.28287
     20.30000      4.64513
     20.35000      1.81467
     20.40000      2.81086
     20.45000      3.90825
     20.50000      1.11026
     20.55000      3.05973
     20.60000      4.05455
     20.65000      4.55121
     20.70000      4.73911
     20.75000      2.10538
     20.80000      3.05466
     20.85000      1.84041
     20.90000      2.13826
     20.95000      1.42907
     21.00000      2.20698
     21.05000      1.42235
     21.10000      4.17466
     21.15000      4.63361
     21.20000      2.47486
     21.25000      3.77290
     21.30000      2.46228
     21.35000      4.05612
     21.40000      3.46922
     21.45000      3.06446
     21.50000      3.36779
     21.55000      2.84383
     21.60000      0.48643
     21.65000      1.50563
     21.70000      1.07582
     21.75000      4.03347
     21.80000      2.31737
     21.85000      0.18212
     21.90000      1.89956
     21.95000      3.89547
     22.00000      3.93562
     22.05000      1.30483
     22.10000      3.72853
     22.15000      1.14865
     22.20000      2.60959
     22.25000      2.90582
     22.30000      2.59029
     22.35000      2.56462
     22.40000      1.38397
     22.45000      1.08420
     22.50000      3.20172
     22.55000      2.46348
     22.60000      1.13499
     22.65000      0.25750
     22.70000      2.26669
     22.75000      2.49957
     22.80000      1.51020
     22.85000      2.78457
     22.90000      0.74370
     22.95000      0.14465
     23.00000      0.41411
     23.05000      0.85983
     23.10000     -0.70326
     23.15000      0.77997
     23.20000      2.01410
     23.25000      2.53940
     23.30000      0.26606
     23.35000      2.39565
     23.40000      2.27745
     23.45000      0.63346
     23.50000      2.46187
     23.55000      2.40907
     23.60000      1.04905
     23.65000      2.10953
     23.70000      0.98095
     23.75000     -0.16296
     23.80000      0.80873
     23.85000      0.77542
     23.90000     -0.72455
     23.95000      1.87634
     24.00000      2.77137
     24.05000      0.67281
     24.10000      0.13681
     24.15000      0.63337
     24.20000      3.19140
     24.25000      1.87583
     24.30000     -0.02084
     24.35000      2.78428
     24.40000      0.30692
     24.45000     -0.16535
     24.50000      2.68152
     24.55000      1.59225
     24.60000      3.44432
     24.65000      1.20101
     24.70000      2.81343
     24.75000      0.58629
     24.80000      3.55440
     24.85000      1.22628
     24.90000      2.30296
     24.95000      0.36587
     25.00000      2.94154
     25.05000      0.32215
     25.10000      2.17505
     25.15000      3.34386
     25.20000      1.57624
     25.25000      3.58806
     25.30000      2.66513
     25.35000      2.42481
     25.40000      1.11053
     25.45000      3.60284
     25.50000      1.81347
     25.55000      1.32735
     25.60000      1.76690
