-7.667523174252934837e-01
-8.421902334908804022e-01
-8.250243133568961884e-01
-2.255754544260148986e-01
8.097325074979584425e-01
-8.551954872098594951e-01
-3.745875278495707228e-01
-8.440020087066735233e-01
1.257887988655785882e-01
7.786519008637007300e-01
9.215044658429307756e-01
9.223078145193921440e-01
-6.409256865403256676e-02
9.825378724721247625e-01
2.091195901635607424e-01
5.637736998400053601e-01
-9.692017965868222618e-01
-3.151337115319028381e-01
5.989254762686397893e-01
5.657916176735404701e-01
-7.861838549577433444e-01
9.811302859026549417e-01
1.807014485589801822e-01
7.748070120529435556e-01
-9.593582577874235628e-01
-4.773680810945972741e-01
9.905206165087341308e-01
7.287815017676877449e-01
-1.819265004955408216e-01
-7.406501701782175484e-01
-8.425440636813292805e-01
7.887139433651204623e-01
-3.688595026522154541e-01
7.623519248704653251e-01
-8.969472662271888996e-01
-2.754147973122713644e-01
-7.412058959056653240e-01
-6.933494350471836043e-01
5.712751440907699596e-01
8.114769061137372397e-01
-2.127103119167497169e-01
-9.925329323061906628e-01
9.762266087555198091e-01
-7.299777923372678945e-01
3.232526921033735956e-01
-4.540837900609198119e-01
7.368557111269835591e-01
7.301837773655419639e-01
-7.941423547099704106e-01
5.963047939033050415e-01
-9.072118841098968378e-01
-8.640141890343806530e-01
1.565159374565556760e-01
-9.563552299647626320e-01
-6.713010665067855598e-01
-6.553707094817453616e-01
-8.561575282705147227e-01
9.346401740210790177e-01
8.188711007963400679e-01
-9.588915827323274410e-01
9.636959836315430739e-01
-6.457038777928478801e-01
-4.835282900614108481e-01
9.973377591800498543e-01
3.106008756911085023e-01
9.149900986969377037e-01
9.929407377337100549e-01
-5.718231543718064191e-01
-5.429881295487051229e-01
8.843659017011125112e-01
9.193515736450248443e-01
6.300843547487009477e-01
6.994696334043477570e-01
9.379071092615178795e-01
-6.510664630741354042e-01
-7.898920628084606932e-01
6.396281178898233222e-01
-1.345721885915514004e-01
7.546303321797387387e-01
3.507369712854313537e-01
7.545019797918630644e-01
-7.688815430101183512e-01
-6.910216790317704749e-01
-9.967396515529047818e-01
3.505716391595372627e-01
-4.235656765504314247e-01
7.682267959645550093e-01
-5.400879166736449744e-01
-6.129188489820787122e-01
6.724499450233412112e-02
9.044381214976426886e-01
-7.496598221353332203e-01
-5.037569709984446309e-01
-2.420942462487059021e-01
-6.367302158988432659e-01
-8.738374151876222573e-01
-1.364266898738275557e-01
-6.427227925768383976e-01
-8.415899954294443486e-01
-8.977510860903212819e-01
5.272926762796001920e-01
7.354991875837810777e-01
6.856349315443823755e-01
6.765653619136187125e-01
-8.190438765879155536e-01
9.838826138311527192e-01
-4.488392201915814006e-01
-6.486726817413444035e-01
9.919098231618930228e-01
-3.211141706975284560e-01
2.532605332145156929e-01
-9.861852222585878458e-01
4.594204414575111528e-01
5.487680091667164195e-01
4.957475096790329161e-01
-7.390971567278361576e-01
-9.554859373548960644e-01
-2.356807715208768528e-01
-9.491923251537872641e-01
8.624686863986612551e-01
-3.895877905710591893e-01
-9.966037841467514369e-01
-7.641872557720557069e-01
-7.039514982695063150e-01
9.170562184400237182e-01
-8.325743716643307923e-01
-5.984709899191964499e-01
8.844769781250787499e-01
1.359595145205123590e-01
9.311558347075374886e-01
-7.627413494839225816e-01
-4.470225769535514093e-01
5.646032321102587570e-01
1.428815882925575931e-01
-8.386771950649258844e-01
8.446447108070178622e-01
-8.830478645358510459e-01
-8.152434205260215005e-01
-5.520664905393839472e-01
-7.322418703655042549e-01
8.311844975525293222e-01
-8.351939418650637936e-01
-6.082564062433626351e-01
7.990887080567530276e-01
5.633062364926550991e-01
-5.938521975453849855e-01
2.976811524091660388e-01
5.326759112071375313e-01
-9.830860996759525072e-01
5.798193093816963462e-01
-8.976373919744251584e-01
-1.518012866355449297e-01
-9.382988173661801490e-01
-8.813693329885345928e-01
-9.038318746555804584e-01
5.492795432816053314e-01
-4.092559629280614342e-01
-6.452650337363723398e-01
-9.999441987378707708e-01
9.890681611741325430e-01
-9.904871189647612706e-01
-5.261811929898576601e-01
7.288355397251673473e-01
5.761731055734040652e-01
7.056076182883452841e-01
-7.708005224434411051e-01
7.414355354607538029e-01
7.627803514687907516e-01
-4.239476011325142846e-01
-4.647080375033634247e-01
-7.750650593080141704e-01
7.349215238954662777e-01
-1.857007661686180811e-01
6.374019944603479537e-01
5.234995716855250780e-01
-6.906624937529197705e-01
-7.180890644359763098e-01
4.139554602005055539e-01
-9.984852391446072950e-01
-9.258720443406287526e-01
-1.431192692944027733e-02
5.263541605959969338e-01
-2.428886665486582608e-01
4.736272306979845137e-01
9.667788941774388967e-01
1.270521988860697782e-01
-8.733416054068861012e-01
-7.660318333228468557e-01
-5.151307184937816697e-01
-9.702315490558264255e-01
-9.996700557288082933e-01
-7.093381375273268841e-01
-7.013455758266289308e-01
9.178893524869899956e-01
9.361229416976546425e-01
4.175995485025765230e-01
9.214784660519523829e-01
6.716946139859816256e-01
8.110931591068899493e-01
-7.641830462878596020e-01
7.914593499042883451e-01
-7.240431063933627787e-01
3.880163296936549600e-01
4.850772493483235248e-01
7.887798456391510449e-01
-9.397015319509374187e-01
-9.174992321535406781e-01
8.255763986740070060e-01
-9.315072924168998902e-01
-7.649192640770683393e-01
3.104620686052590450e-01
9.842563464426019593e-01
9.990030250689412306e-01
-4.848223102194946232e-01
5.912047868291403496e-01
9.381595429708919909e-01
4.083996833113159308e-01
-8.805205529797373032e-01
4.066869085871294143e-01
8.713196722797826865e-01
6.452278472001038434e-01
-9.636458202234692294e-01
7.067147008403960040e-01
-4.507869967434585678e-01
-8.264374688227495991e-01
8.155884923679685983e-01
2.728198690755978539e-01
-9.942497555054117253e-01
8.545182083517348648e-01
8.132576071802153361e-01
-5.491058760290585816e-01
-7.874653541828136039e-01
-9.042430028840293676e-01
-8.400001604449105486e-01
6.941956774502364702e-01
6.902949830595708214e-01
-9.441906838931006796e-01
-4.443367789976622184e-01
9.628822870731839068e-01
5.354612766663824353e-01
-4.728062695661883197e-02
3.231970004738664581e-01
-9.664340719457673590e-01
1.005780206057551585e-01
-9.272867791792946957e-01
-3.697898070361147482e-01
-8.646475355718619138e-01
-5.268566509148375765e-01
-6.464391656680690268e-01
-8.997103423094836572e-01
3.649080613004191953e-01
7.205332131226891423e-01
9.583609995513109325e-01
-9.918893742245908918e-01
5.630943269159109921e-01
4.873867605899346866e-01
-4.136804911921996286e-01
7.839335260040338760e-01
-5.328067316693940736e-01
6.105878719002346688e-01
-5.679969898326189259e-01
-6.858070945462217960e-01
-8.907185397926911108e-01
8.199785838544624283e-01
6.287146021506131444e-01
-6.127650879473982570e-01
-7.932559367573555065e-02
-5.354366435462791785e-01
8.624039586753289299e-01
-8.889076121283694398e-01
7.782795769423358490e-01
5.192180719291321633e-01
-9.832051693475176712e-01
6.313690211477758218e-01
8.198287166533326786e-01
-6.619743384142069420e-01
-8.564686631911311299e-01
-9.618037353008248580e-01
-4.094044364589273233e-01
-7.901626953353606542e-01
-6.541637558181776502e-01
-3.378342262133859908e-01
-9.348061764023642972e-01
6.545903711328679986e-01
2.905849340384736301e-02
8.270624566803086442e-01
-9.760566510783903471e-01
7.616154663619403298e-01
9.375426806214419706e-01
-3.536205790740931665e-01
-7.179487392678340907e-01
-9.851394734799530095e-01
-6.133471714863842905e-01
-4.188487815585300034e-01
-7.749430289318863796e-01
-2.509818743048752854e-01
9.227366175181741514e-01
-8.928807794417650268e-01
9.841758727205420776e-01
-8.896318609530773358e-03
4.200890012260358741e-01
-9.888687979880865786e-01
6.203928922940242785e-01
-1.935452718703345454e-02
-3.865780871067592273e-01
5.673609724345114458e-01
-7.029839708124185904e-01
-7.485464383205973071e-01
-8.636059575037764446e-01
9.583835551846002776e-01
7.988854131212299592e-01
9.989689734131903531e-01
7.422931992670174228e-01
-7.963319576896008556e-01
8.271066093082601878e-01
-8.648662683447501109e-01
8.636306564582447720e-01
8.581760108579490343e-01
-5.938327761673891647e-01
9.936205218945970419e-01
9.239858034820069843e-01
8.638699770836790748e-01
9.400191078076864937e-01
9.951346630515647274e-01
-7.810448638831477552e-01
-9.746758939267594624e-01
-8.949768675480858082e-01
-5.965282953340635963e-01
-8.134585130853431156e-01
-7.032388000388332117e-01
3.559063594952949217e-01
-2.690491729691926182e-01
-1.608324225518937833e-01
-9.344614689100079197e-01
8.383896073342977928e-01
8.301532713768948746e-01
-7.905287193046168781e-01
-9.835724312350857534e-01
-6.323393738733269487e-01
-7.470718239194289456e-01
-8.250887056341147385e-01
-9.881709196708823306e-01
-9.223368634944375533e-01
5.918364552732582329e-01
9.926034487603421219e-01
5.184705124894044559e-01
-9.373332151892939113e-01
-3.106249680530306367e-01
6.510954111344977591e-01
8.177660646482927120e-01
-5.362116583299860739e-01
9.782430400053516717e-01
-6.534367416863473554e-01
3.713883238026303157e-01
3.129399762117826000e-01
8.259470105810362561e-01
5.326809778887773295e-01
-8.823333994000521763e-01
-7.714541839484865271e-01
-4.660003976774433898e-01
7.932990075940973274e-01
-3.224764948602312220e-01
5.072773650780804111e-01
-3.677664037950469922e-01
-7.658758017340443480e-01
-4.817556177247905858e-01
3.074283350456241681e-01
3.939928983466138845e-01
8.304710774019097297e-01
7.496266937632856120e-01
8.993293380304545614e-01
-9.200450211120907440e-01
-6.781477923338881109e-01
-5.347547983332106014e-01
9.743156724018922077e-01
1.221340625427389526e-01
-7.118680151589058536e-01
9.508197773464053260e-01
-8.786425506310597822e-01
-9.757556601883046188e-01
7.690798523034421130e-01
9.729532259936184424e-01
-7.900892899583011886e-01
-8.170629795991495303e-01
8.109464303734399415e-01
-9.456165237599765128e-01
-6.229865644702594629e-01
6.899881046812574859e-01
4.155455010497186574e-01
-5.104119267873992172e-01
5.193824111977825009e-01
-7.601720730760859190e-01
-9.101034825473819367e-01
-8.847592771328005590e-01
9.961525231946863901e-01
-9.019047866666003443e-01
-6.264188887182127186e-01
-3.001401743832179392e-01
-6.520662048309044945e-01
-6.259140156162072977e-01
-1.520407590883434690e-01
5.162206034887821815e-01
1.599342518246593681e-01
-9.867164945827269218e-01
-2.921784462535927940e-01
6.023203067153546364e-01
-8.677169407535187950e-01
-6.380628901274483233e-01
-8.412551925509095252e-01
-9.514256806181768944e-01
-7.076440817034845843e-01
-7.684064159734975696e-01
-5.690327362605540618e-01
1.723935723223988248e-01
5.249671456537083891e-01
-6.082843810741707102e-01
4.800231327983086604e-01
-2.857423043440481258e-01
3.611903150229933690e-01
3.264533755527108116e-01
-9.786363991276321173e-01
-2.430915130685651349e-01
-5.826738703145226683e-01
7.533571780892713843e-01
-9.881550808181966961e-01
-9.784372206783209514e-01
9.631349109722733282e-01
5.013509572537873105e-01
8.673164544028999501e-01
-1.295093415230059719e-01
-7.986757709824126028e-01
-8.630364343380130254e-01
8.855302069403301335e-01
-8.373212005727475038e-01
-7.318906840905554656e-01
6.204928170572505675e-01
9.937374248425132617e-01
-8.520038337869346723e-01
-7.412666714813711533e-01
-9.986534905671562434e-01
-8.761055272341606859e-01
6.463719775260037270e-01
-3.781787295400105275e-01
-7.604852003491191503e-01
3.681754279259528140e-01
9.159032309313224207e-01
-6.379239456012093523e-01
3.718357606858360143e-01
-9.278484823109087731e-01
-4.606958631183200037e-01
-4.228863777130673629e-01
-4.033395634436616195e-01
-8.379587214210117985e-01
6.865242304199630219e-01
-8.500513236048565791e-01
-8.949893309057228574e-01
-4.259898542497024820e-01
-9.007081604346525161e-01
5.997776613003114043e-01
8.388638454947856538e-01
7.097423945495398012e-01
-8.742155896614083321e-01
-6.933220419186489902e-01
7.396543636814718603e-01
-7.231132806051527862e-01
7.006923216693976553e-01
-9.335848419758270289e-01
8.608045717625703031e-01
-2.894800404613409039e-01
8.921747118840326340e-01
-6.114822061624696214e-01
6.883776681910447337e-01
-5.966919710295697232e-01
-9.975851151838079911e-01
-3.498878019139692874e-01
-6.332661767078500148e-01
-9.792974278575858893e-01
-9.095590272983313795e-01
7.026654476078009193e-01
-7.712000667490916950e-01
-4.897129961409500964e-01
6.872253893887736442e-01
4.878883046971063120e-01
-3.137794520360304151e-01
-3.256780422074041503e-01
4.822049523630740353e-01
7.834218920126589936e-03
9.722094791550102144e-01
-9.488560302111643807e-01
-8.439155011795971273e-01
-3.662932545242536531e-01
6.580512011668795402e-01
-3.977696916582360576e-01
5.399070899209761354e-01
-6.932804802349095130e-01
7.939434079518030707e-01
-9.237267717765622610e-01
-8.971866760838940191e-01
-7.309423918256467978e-01
-6.670938475799235157e-01
