  3.00    0.9818E-01    0.1276E-01    0.1750E-05    0.2038E-05
  3.10    0.9080E-01    0.1180E-01    0.2175E-05    0.2411E-05
  3.20    0.8398E-01    0.1092E-01    0.2677E-05    0.2827E-05
  3.30    0.7767E-01    0.1010E-01    0.3262E-05    0.3288E-05
  3.40    0.7183E-01    0.9338E-02    0.3940E-05    0.3796E-05
  3.50    0.6643E-01    0.8636E-02    0.4720E-05    0.4353E-05
  3.60    0.6144E-01    0.7987E-02    0.5611E-05    0.4959E-05
  3.70    0.5682E-01    0.7386E-02    0.6623E-05    0.5616E-05
  3.80    0.5255E-01    0.6831E-02    0.7766E-05    0.6325E-05
  3.90    0.4860E-01    0.6318E-02    0.9050E-05    0.7086E-05
  4.00    0.4494E-01    0.5843E-02    0.1049E-04    0.7902E-05
  4.10    0.4156E-01    0.5403E-02    0.1208E-04    0.8772E-05
  4.20    0.3844E-01    0.4997E-02    0.1385E-04    0.9696E-05
  4.30    0.3555E-01    0.4622E-02    0.1580E-04    0.1068E-04
  4.40    0.3288E-01    0.4274E-02    0.1794E-04    0.1171E-04
  4.50    0.3041E-01    0.3953E-02    0.2029E-04    0.1280E-04
  4.60    0.2812E-01    0.3656E-02    0.2285E-04    0.1395E-04
  4.70    0.2601E-01    0.3381E-02    0.2564E-04    0.1515E-04
  4.80    0.2405E-01    0.3127E-02    0.2866E-04    0.1640E-04
  4.90    0.2224E-01    0.2892E-02    0.3193E-04    0.1771E-04
  5.00    0.2090E-01    0.2717E-02    0.3473E-04    0.1880E-04
  5.10    0.1933E-01    0.2512E-02    0.3846E-04    0.2020E-04
  5.20    0.1787E-01    0.2323E-02    0.4247E-04    0.2166E-04
  5.30    0.1653E-01    0.2149E-02    0.4677E-04    0.2318E-04
  5.40    0.1529E-01    0.1987E-02    0.5136E-04    0.2474E-04
  5.50    0.1414E-01    0.1838E-02    0.5625E-04    0.2636E-04
  5.60    0.1308E-01    0.1700E-02    0.6146E-04    0.2802E-04
  5.70    0.1209E-01    0.1572E-02    0.6699E-04    0.2974E-04
  5.80    0.1118E-01    0.1454E-02    0.7286E-04    0.3150E-04
  5.90    0.1034E-01    0.1345E-02    0.7907E-04    0.3331E-04
  6.00    0.9565E-02    0.1243E-02    0.8563E-04    0.3517E-04
  6.10    0.8846E-02    0.1150E-02    0.9255E-04    0.3707E-04
  6.20    0.8181E-02    0.1064E-02    0.9984E-04    0.3902E-04
  6.30    0.7566E-02    0.9836E-03    0.1075E-03    0.4102E-04
  6.40    0.6998E-02    0.9097E-03    0.1156E-03    0.4305E-04
  6.50    0.6472E-02    0.8413E-03    0.1240E-03    0.4513E-04
  6.60    0.5985E-02    0.7781E-03    0.1329E-03    0.4725E-04
  6.70    0.5535E-02    0.7196E-03    0.1421E-03    0.4940E-04
  6.80    0.5119E-02    0.6655E-03    0.1518E-03    0.5160E-04
  6.90    0.4734E-02    0.6155E-03    0.1619E-03    0.5383E-04
  7.00    0.4378E-02    0.5692E-03    0.1724E-03    0.5610E-04
  7.10    0.4049E-02    0.5264E-03    0.1834E-03    0.5840E-04
  7.20    0.3745E-02    0.4868E-03    0.1948E-03    0.6074E-04
  7.30    0.3463E-02    0.4502E-03    0.2067E-03    0.6311E-04
  7.40    0.3203E-02    0.4164E-03    0.2190E-03    0.6551E-04
  7.50    0.2962E-02    0.3851E-03    0.2318E-03    0.6795E-04
  7.60    0.2740E-02    0.3561E-03    0.2450E-03    0.7041E-04
  7.70    0.2534E-02    0.3294E-03    0.2588E-03    0.7290E-04
  7.80    0.2343E-02    0.3046E-03    0.2730E-03    0.7542E-04
  7.90    0.2167E-02    0.2817E-03    0.2877E-03    0.7797E-04
  8.00    0.2004E-02    0.2605E-03    0.3029E-03    0.8054E-04
  8.10    0.1854E-02    0.2410E-03    0.3185E-03    0.8314E-04
  8.20    0.1714E-02    0.2228E-03    0.3347E-03    0.8576E-04
  8.30    0.1585E-02    0.2061E-03    0.3514E-03    0.8840E-04
  8.40    0.1466E-02    0.1906E-03    0.3686E-03    0.9107E-04
  8.50    0.1356E-02    0.1763E-03    0.3863E-03    0.9375E-04
  8.60    0.1254E-02    0.1630E-03    0.4045E-03    0.9646E-04
  8.70    0.1160E-02    0.1508E-03    0.4233E-03    0.9918E-04
  8.80    0.1073E-02    0.1394E-03    0.4425E-03    0.1019E-03
  8.90    0.9920E-03    0.1290E-03    0.4623E-03    0.1047E-03
  9.00    0.9174E-03    0.1193E-03    0.4827E-03    0.1075E-03
  9.10    0.8484E-03    0.1103E-03    0.5035E-03    0.1102E-03
  9.20    0.7847E-03    0.1020E-03    0.5249E-03    0.1131E-03
  9.30    0.7257E-03    0.9434E-04    0.5468E-03    0.1159E-03
  9.40    0.6711E-03    0.8725E-04    0.5693E-03    0.1187E-03
  9.50    0.6207E-03    0.8069E-04    0.5923E-03    0.1215E-03
  9.60    0.5740E-03    0.7462E-04    0.6159E-03    0.1244E-03
  9.70    0.5309E-03    0.6901E-04    0.6400E-03    0.1273E-03
  9.80    0.4910E-03    0.6383E-04    0.6647E-03    0.1301E-03
  9.90    0.4541E-03    0.5903E-04    0.6899E-03    0.1330E-03
 10.00    0.4199E-03    0.5459E-04    0.7156E-03    0.1359E-03
 10.10    0.3884E-03    0.5049E-04    0.7420E-03    0.1388E-03
 10.20    0.3592E-03    0.4669E-04    0.7688E-03    0.1417E-03
 10.30    0.3322E-03    0.4318E-04    0.7963E-03    0.1447E-03
 10.40    0.3072E-03    0.3994E-04    0.8243E-03    0.1476E-03
 10.50    0.2841E-03    0.3693E-04    0.8528E-03    0.1505E-03
 10.60    0.2628E-03    0.3416E-04    0.8820E-03    0.1534E-03
 10.70    0.2430E-03    0.3159E-04    0.9116E-03    0.1564E-03
 10.80    0.2247E-03    0.2922E-04    0.9419E-03    0.1593E-03
 10.90    0.2078E-03    0.2702E-04    0.9727E-03    0.1622E-03
 11.00    0.1922E-03    0.2499E-04    0.1004E-02    0.1652E-03
 11.10    0.1778E-03    0.2311E-04    0.1036E-02    0.1681E-03
 11.20    0.1644E-03    0.2137E-04    0.1068E-02    0.1711E-03
 11.30    0.1521E-03    0.1977E-04    0.1102E-02    0.1740E-03
 11.40    0.1406E-03    0.1828E-04    0.1135E-02    0.1770E-03
 11.50    0.1300E-03    0.1691E-04    0.1169E-02    0.1799E-03
 11.60    0.1203E-03    0.1564E-04    0.1204E-02    0.1829E-03
 11.70    0.1112E-03    0.1446E-04    0.1239E-02    0.1858E-03
 11.80    0.1029E-03    0.1337E-04    0.1275E-02    0.1888E-03
 11.90    0.9514E-04    0.1237E-04    0.1312E-02    0.1917E-03
 12.00    0.8799E-04    0.1144E-04    0.1349E-02    0.1946E-03
 12.10    0.8137E-04    0.1058E-04    0.1386E-02    0.1976E-03
 12.20    0.7526E-04    0.9783E-05    0.1425E-02    0.2005E-03
 12.30    0.6960E-04    0.9048E-05    0.1463E-02    0.2034E-03
 12.40    0.6437E-04    0.8368E-05    0.1502E-02    0.2064E-03
 12.50    0.5953E-04    0.7739E-05    0.1542E-02    0.2093E-03
 12.60    0.5505E-04    0.7157E-05    0.1583E-02    0.2122E-03
 12.70    0.5092E-04    0.6619E-05    0.1624E-02    0.2151E-03
 12.80    0.4709E-04    0.6122E-05    0.1665E-02    0.2180E-03
 12.90    0.4355E-04    0.5661E-05    0.1707E-02    0.2209E-03
 13.00    0.4028E-04    0.5236E-05    0.1750E-02    0.2238E-03
 13.10    0.3725E-04    0.4842E-05    0.1793E-02    0.2267E-03
 13.20    0.3445E-04    0.4478E-05    0.1837E-02    0.2296E-03
 13.30    0.3186E-04    0.4142E-05    0.1881E-02    0.2325E-03
 13.40    0.2946E-04    0.3830E-05    0.1926E-02    0.2354E-03
 13.50    0.2725E-04    0.3542E-05    0.1971E-02    0.2382E-03
 13.60    0.2520E-04    0.3276E-05    0.2017E-02    0.2411E-03
 13.70    0.2331E-04    0.3030E-05    0.2064E-02    0.2439E-03
 13.80    0.2155E-04    0.2802E-05    0.2111E-02    0.2468E-03
 13.90    0.1993E-04    0.2591E-05    0.2158E-02    0.2496E-03
 14.00    0.1844E-04    0.2397E-05    0.2206E-02    0.2524E-03
 14.10    0.1705E-04    0.2216E-05    0.2255E-02    0.2552E-03
 14.20    0.1577E-04    0.2050E-05    0.2304E-02    0.2580E-03
 14.30    0.1458E-04    0.1896E-05    0.2354E-02    0.2608E-03
 14.40    0.1349E-04    0.1753E-05    0.2404E-02    0.2636E-03
 14.50    0.1247E-04    0.1622E-05    0.2455E-02    0.2664E-03
 14.60    0.1154E-04    0.1500E-05    0.2506E-02    0.2692E-03
 14.70    0.1067E-04    0.1387E-05    0.2558E-02    0.2719E-03
 14.80    0.9866E-05    0.1283E-05    0.2610E-02    0.2747E-03
 14.90    0.9125E-05    0.1186E-05    0.2663E-02    0.2774E-03
